Sum: 12.000000
 Difference: 6.000000
 Product: 27.000000
 Division: 3.000000
